21
79
8
230
28
26
33
188
133
183
138
141
42
158
198
243
244
220
143
176
27
108
236
16
93
19
152
226
214
250
125
18
90
193
100
227
185
34
159
15
149
115
44
66
128
148
106
200
69
202
219
3
233
102
151
103
192
56
45
20
113
12
206
203
53
23
92
61
248
78
80
98
89
232
161
49
48
156
35
213
82
77
191
104
81
2
242
71
134
238
60
122
174
135
109
221
13
32
205
87
72
54
180
10
40
99
167
164
190
225
182
147
46
30
70
216
31
121
14
51
210
249
75
160
245
130
0
74
144
9
129
224
91
170
97
123
255
181
201
101
50
132
187
163
11
175
155
211
212
38
22
239
124
47
240
150
154
25
83
197
253
6
117
137
94
179
237
162
63
247
105
186
84
195
169
207
140
204
194
107
5
110
215
29
235
1
64
37
222
59
126
7
36
241
57
142
118
39
136
145
208
184
43
86
88
95
17
166
153
120
114
228
112
131
76
199
24
85
58
127
178
165
231
189
157
173
218
4
172
41
223
168
252
73
234
251
111
217
119
116
209
62
139
96
68
171
177
146
55
254
65
246
67
229
52
196
